"","V1","V2","V3","V4","V5","V6"
"1",0.786470217487357,-1.04464528621805,1.00359679229884,-0.00477528140102221,1,85
"2",0.86456931639543,-1.09276621658263,1.00999474076194,-7.36999462162004e-05,1,91
"3",0.879909253793567,-0.990754692759594,1.01134472184282,-0.00294744598839243,1,63
"4",0.851948056394107,-0.759199499051925,1.00250771813137,2.24861181211851e-07,1,42
"5",0.764815185474556,-1.2281039847436,1.00568910579638,0.00130208532874598,1,63
"6",0.5791584223597,-1.51824953747775,1.00251072425861,-1.91682679597174e-07,1,34
"7",0.908744392452628,-0.936069269846765,1.00250684056905,-1.49800170574463e-06,1,29
"8",0.432037695228156,-1.66462092053583,1.02664562748767,0.0110951456983652,1,72
"9",0.937909565702344,-0.555317093425856,1.00250942658823,-5.38371889234862e-08,1,58
"10",0.848688845184235,-0.895528536275552,1.00250687205617,2.29127302233665e-06,1,38
"11",0.957616288466936,-0.541456064701354,1.00250874562619,1.14808717267161e-07,1,36
"12",0.590124814455944,-1.39354044017283,1.00075714639049,0.000299487765866192,4,100
"13",0.745696859449807,-1.06311205385124,1.00250932495154,5.5269712097605e-07,1,36
"14",0.710498561790785,-1.25720116920607,1.00250846675443,-1.6671672181694e-07,1,45
"15",0.542600107379258,-1.59597394844161,1.00251677632242,-9.82994210606725e-08,1,47
"16",0.879639228891874,-0.929938628789392,1.01373508401824,0.00211231596190736,1,65
"17",0.7290374445983,-1.12014958548596,1.00771379631383,-0.00168131284173481,4,100
"18",0.97690837624086,-0.771783189972207,1.00236380293793,0.00255587055794581,1,98
"19",0.711395114626839,-1.26379464066243,1.00250939937958,-3.68573082504809e-08,1,38
"20",0.825616548143259,-0.952951680158639,1.00621160676817,0.000171077804255221,1,95
"21",0.923431767569254,-0.995405341721977,1.00195621105754,0.00102568115292018,1,67
"22",0.843218441215767,-0.861725462662004,1.00461071022537,0.00452475540667984,1,63
"23",0.686793084551509,-1.240457766264,1.00250791105845,-2.19089823369434e-07,1,39
"24",0.898274986016197,-0.671700975407498,1.00251172685975,-7.20757537009037e-06,1,50
"25",1.00659737807619,-0.260371847589753,1.00251127070436,-2.36573446487931e-06,1,39
"26",0.643485616607144,-1.20099054239607,1.00250769719741,-5.82783408182148e-07,1,51
"27",0.947448830938371,-0.733046753035474,0.995425382507519,0.00119746609045749,1,97
"28",0.692829469652533,-1.19171204396023,1.00370446620249,-0.000193867081108337,1,68
"29",0.854200352489207,-0.896493213208768,1.00421793207868,-0.00014171830696567,1,91
"30",0.643635796030052,-1.38623051543592,0.995220424425825,-0.00252526657638753,1,63
"31",0.722713172028403,-1.12803849797561,1.0123336286174,-0.00206822311182254,4,100
"32",0.787573203159212,-0.993727540565654,1.00250725100222,-2.91301555393626e-07,1,29
"33",0.66221844454363,-1.30773220954313,1.0025106478911,-1.05059607418102e-07,1,42
"34",0.913256379967706,-0.732767651436365,1.01515455873633,0.00290936251076312,1,66
"35",0.808903377221644,-0.617856677320634,0.996727369277057,-0.003073544519591,1,64
"36",1.03424624709571,-0.510356068960752,1.01451102999352,-0.00792556484280882,1,84
"37",0.881647115546162,-0.847943450803441,1.00660271839957,0.000540529318871568,1,70
"38",0.869401913438061,-0.669210826880425,0.992001003917958,-0.000493476831806025,1,85
"39",0.988604221263812,-0.222685958206798,1.00095894834375,0.000585555720170743,4,100
"40",0.879531267241629,-0.760487437507185,1.00125869019341,-0.000973944418926542,1,100
"41",0.965599170682952,-0.475034365775747,1.0025111687938,3.00829310880664e-06,1,35
"42",0.814286331380745,-0.998296261281632,1.00128043488554,-0.000614226215764385,1,91
"43",0.886809080397361,-0.784560246104604,1.01254343561719,3.04689382763041e-05,1,63
"44",0.562822417143238,-1.46634225704069,1.00077128376591,-0.00148227314315628,1,88
"45",1.10138163991386,-0.679702993465202,1.02065683125701,-0.00825360181677558,1,71
"46",1.0100882100514,-0.270626726221225,1.00343660987197,-0.000117812909171296,4,100
"47",0.878884244149157,-0.733761613028371,1.00250959136571,-2.06154910249187e-06,1,35
"48",0.979632478412816,-0.336035330764721,1.00680218905537,0.00114081174498445,1,97
"49",0.656180881219259,-1.34899401856572,1.00250512267762,-9.56112723249737e-07,1,61
"50",0.515583489566891,-1.43566341180576,0.978781121689287,0.00025329715738716,1,81
"51",0.827956556317687,-0.859075130809496,1.00250502448501,9.40523953424382e-06,1,42
"52",0.611055221936271,-1.29732499236012,1.01044591746178,-0.00118481561625369,4,100
"53",0.616071195062886,-1.14772749706759,0.99591732547745,-0.00231267103226623,4,100
"54",0.922736501893554,-0.495522958145935,1.00262275900161,-0.000455902179047663,1,81
"55",0.550014700839454,-1.34575907711224,1.00695549056322,-0.000340989665227869,1,91
"56",0.885829669212395,-0.901132656239802,0.999427128524782,0.000584018183009619,4,100
"57",0.870117475431394,-0.923111561509269,1.00536749305214,-0.00221445189449974,1,73
"58",0.82620098975126,-0.689951665594708,1.00501447575004,-0.00395366340526077,1,77
"59",0.800453230782409,-0.793521211983135,0.992582767443626,0.00582160315403573,4,100
"60",0.86409135988597,-0.837833670381579,0.991590497042818,0.00875380633965607,1,83
"61",0.893847624558214,-0.81798434638053,0.999725641822816,-0.00102811722793443,1,66
"62",0.720719515785393,-1.1388722335243,1.0007645586739,-0.00428286857494289,1,69
"63",0.577060555786033,-1.44453699741468,1.0034678165861,0.00281482168693425,1,75
"64",0.878417337358119,-0.69919583533387,1.00250909129966,-5.72606535898378e-07,1,52
"65",0.882035341623218,-0.770098016180329,1.00096617273135,0.00198670909592869,1,99
"66",0.842717077918327,-0.845433323391982,1.00250848701087,-3.77138142128259e-07,1,24
"67",0.953538903836344,-0.783846413797417,1.00110847022507,0.00228593416296506,1,81
"68",0.958414277412916,-0.0990621091129436,0.951142793467124,0.0544389810937136,3,86
"69",0.731970274400731,-1.11234897817141,1.00368963510631,0.00529227465853451,1,93
"70",0.670435258547811,-1.08956760864867,0.988580636446983,0.000265692317282231,1,87
"71",0.94898215670078,-0.647008947032238,0.998646178236828,0.00299724581791484,1,66
"72",0.860074454215507,-0.824265201134292,1.00250890933731,-1.07097952556211e-05,1,32
"73",0.86937299837498,-0.688367656125502,1.00126467429455,0.00216891705573808,1,56
"74",0.861345438464886,-0.724728874812513,0.994368304348226,0.000853397720752761,1,90
"75",0.64316641441261,-1.30983342360791,1.01065183835113,-0.00332574049065582,4,100
"76",0.540022650430428,-1.66683783301761,1.00251256197181,-6.88804488952151e-07,1,46
"77",0.487200587237842,-1.60717713997232,0.996009184734932,-0.00694595155446356,1,91
"78",0.865607032190078,-0.834330519436562,1.00675625165892,0.00267986108168546,1,67
"79",1.09624085468904,-0.745739936616462,1.00727673515436,0.00702823804235414,1,95
"80",0.770114915627479,-1.02975188892684,1.00250502679672,-1.46093705105799e-06,1,95
"81",0.859281680091287,-0.723649442778645,0.993321993852986,0.000204748522538714,1,96
"82",0.936695770740411,-0.633321145820465,1.00699909732737,0.00366491664919509,1,70
"83",0.854139852811272,-0.78958140934229,1.00082753296836,8.77810751955739e-05,1,77
"84",0.6437470848356,-1.30857477126405,1.00250858123167,-1.58756965152494e-06,1,48
"85",0.818180008837923,-0.864007084612543,1.00250988468133,-8.61498424861895e-07,1,37
"86",1.07575790170992,-0.489916079671695,0.982376224206744,-0.006372972976189,1,82
"87",NA,NA,1.00081277597628,0.00231000826159043,3,85
"88",0.798784477477429,-1.00239424696992,1.00479832091214,0.00208264361172973,1,85
"89",0.869944934467136,-0.875688954002834,1.00250732142648,2.89321096999876e-07,1,39
"90",0.696300936331177,-1.27894633406295,1.00251070751135,-1.30583946897226e-09,1,48
"91",0.693807607233712,-1.15392693288891,1.00545277179271,-0.00154083162310756,1,80
"92",NA,NA,0.991475744067907,0.0232097305091898,3,72
"93",0.622350225937594,-1.40701584510199,1.00909081677467,0.000828865548369438,4,100
"94",0.89925432716682,-0.614689213659935,1.00250800223191,1.31953043945405e-07,1,38
"95",0.700833393646465,-1.26925831587093,0.998485558511651,-0.00190841529669267,1,98
"96",0.929358096026062,-0.558683740183216,1.00226983855627,0.000169553017509385,4,100
"97",0.564713590434257,-1.31600575629467,1.00447873554005,-0.000550821123454361,1,76
"98",0.871069810043594,-0.821624622619568,1.00274885139579,-0.00119708697049854,1,86
"99",0.902478862541248,-0.450487530530323,1.00785346676563,0.00686708873485511,1,71
"100",0.827901356210436,-0.905692165102672,1.00250750794331,5.44782638956629e-06,1,36
"101",0.680776341327207,-1.22032465925191,1.00250519589418,-1.21757921999772e-06,1,49
"102",0.844050127489383,-0.859333131214814,1.01167102353232,-0.00102555832411971,1,61
"103",0.941170905129309,-0.632643240116695,1.0071318246549,-0.00398301943165229,1,88
"104",NA,NA,0.960574116803776,0.00309441369314406,3,99
"105",0.836146792071233,-0.585177667396392,0.982001452679137,0.00185696759852909,1,96
"106",0.933704770239376,-0.551552788501248,1.01421918564281,0.00204791512170549,4,100
"107",0.886247647040095,-0.672298296416175,1.0013078649716,-0.00146218772083656,1,62
"108",0.761392322075782,-1.06426695185475,1.00033049798266,-0.00016071099801404,1,82
"109",0.801258141282185,-0.98049455825377,0.996223943733212,-0.000941277916431898,1,70
"110",0.795730152000346,-0.906354103380158,1.0020638641698,0.00189776370916361,1,75
"111",0.818373208085164,-0.902575978948991,0.971745549214729,-0.00526738070209412,1,61
"112",0.68939361913715,-1.35721886846733,1.00893550332009,0.0117028861461969,1,60
"113",0.86597021596969,-0.672842598083863,1.00196988807529,-0.00189845836859262,4,100
"114",0.602294317582161,-1.24350518314888,0.994613237183445,-0.00177619300351582,1,59
"115",0.618863777731337,-1.33137012332961,1.00250785075398,4.49179411773296e-06,1,36
"116",0.789294690144702,-1.02263267173765,1.0025093249318,7.72172317863397e-06,1,36
"117",0.866489268300934,-0.734705329918382,0.994764736723505,-0.00283208374593466,1,76
"118",0.847121923573545,-0.948145428741687,1.0068539183875,0.00270969290634742,4,100
"119",0.885305479697257,-0.687492485563173,1.0072892250841,0.000445009367757013,4,100
"120",0.792932449854751,-0.981694674487509,0.99295165723835,-0.00125390068912162,1,62
"121",0.823439777304792,-0.859453048016272,0.998615625569869,0.000556004034032953,1,89
"122",0.613906014028128,-1.28650756265898,1.00392261143801,-0.000431408786968555,4,100
"123",1.02369498510631,-0.686115495479836,0.997438921559645,-0.000671537867797098,1,56
"124",0.383107127221309,-1.27733212179954,1.0025105563729,1.23006525333791e-06,1,51
"125",0.866872790682647,-0.809963986929823,0.999717479967756,-0.000975682311879332,4,100
"126",0.60457811662541,-1.46541989390543,1.00409897176018,0.000481367547314952,4,100
"127",0.426064022862901,-1.83999514762363,1.01260459439046,-0.00175761905069079,4,100
"128",0.808458274095549,-0.89808245093039,1.00098185228946,0.00118167134120896,1,68
"129",0.852758856696042,-0.828019194863504,0.997205395197439,0.0031604965661985,4,100
"130",0.819302684839952,-0.905685681188441,1.00250878357408,-8.72364526754004e-06,1,33
"131",0.64936588083052,-1.26096393957533,0.986494792143059,0.00016744162999564,1,77
"132",0.614894119164219,-1.12241256972445,1.00402627354936,-7.43289996741359e-05,4,100
"133",0.912848441875374,-0.470419616506116,1.00250951374907,-7.89317933113742e-07,1,52
"134",0.838460072653725,-0.818066447007405,0.995485656633727,-0.00740208457253046,1,93
"135",0.838219006178528,-0.869405637721192,1.00603679025219,-0.00144268027833152,1,92
"136",0.736778479038126,-1.09151220867783,1.00251040636041,-3.11064532362391e-06,1,34
"137",0.934161800472669,-1.06367822765882,1.00067848093057,0.00185827595721449,1,66
"138",0.372109189899621,-1.71425983003812,1.00794525787792,1.44899860636267e-05,1,78
"139",0.90250358826765,-0.684477722131512,1.00334977195863,-0.00148030542294288,1,99
"140",0.642454859944348,-1.21223297598521,1.00722230450613,-0.00179140891701102,4,100
"141",0.702123745055937,-1.15889241446807,1.00250764476548,1.97532212711287e-07,1,42
"142",0.807377929766659,-0.894042698260641,0.990087388233759,0.00512902731693871,1,99
"143",0.50100772901993,-1.26937884960991,0.98609183014539,-1.80825410621653e-05,1,79
"144",0.86811182296617,-0.895886437950149,1.00411400633141,-0.00261109101459841,1,98
"145",0.963759419363729,-0.47598025680878,1.00250933333401,-4.94433650077221e-06,1,40
"146",0.958217937289389,-0.468192601344604,0.994554408504424,0.000976229698201984,1,87
"147",0.870241187772311,-0.902801269924748,1.00952268911192,0.00550221977802615,4,100
"148",NA,NA,1.00250937510793,1.34704617131377e-05,1,37
"149",0.950959788867703,-0.841723503738781,0.992317203670841,-0.00923474792924612,4,100
"150",0.755474619987978,-0.888935291153298,0.984882795638344,-0.00288581820373011,1,62
"151",0.852666486562583,-0.219184128301817,0.912794508564087,0.174262771712122,3,53
"152",0.872875290798909,-0.60724279730475,0.995591784967919,-0.00141238850079504,1,82
"153",0.490943133109145,-1.63972801311675,1.00285529516259,-0.0153128342740537,1,82
"154",0.882528932742597,-0.702184399650703,0.998064288650465,0.000880805824593187,1,92
"155",1.00099739898417,-0.420420325100646,1.00656723712569,-0.00142316313665166,4,100
"156",0.697137138415608,-1.22801558000488,1.00250267314919,3.05483227914304e-06,1,38
"157",0.769014300140722,-1.11111761905785,1.0025059175518,-5.64571747608932e-07,1,35
"158",0.568910284823792,-1.45978418281913,0.998283808124852,0.00131058412217547,1,77
"159",0.533688592734188,-1.46227322042605,1.01431426276702,0.000465593787561131,1,58
"160",0.861818581689823,-0.602149507145343,1.00500576216558,0.00220798973137146,4,100
"161",0.852666486562583,-0.219184128301817,0.912794508564087,0.174262771712122,3,53
"162",0.872875290798909,-0.60724279730475,0.995591784967919,-0.00141238850079504,1,82
"163",0.490943133109145,-1.63972801311675,1.00285529516259,-0.0153128342740537,1,82
"164",0.882528932742597,-0.702184399650703,0.998064288650465,0.000880805824593187,1,92
"165",1.00099739898417,-0.420420325100646,1.00656723712569,-0.00142316313665166,4,100
"166",0.697137138415608,-1.22801558000488,1.00250267314919,3.05483227914304e-06,1,38
"167",0.769014300140722,-1.11111761905785,1.0025059175518,-5.64571747608932e-07,1,35
"168",0.568910284823792,-1.45978418281913,0.998283808124852,0.00131058412217547,1,77
"169",0.533688592734188,-1.46227322042605,1.01431426276702,0.000465593787561131,1,58
"170",0.861818581689823,-0.602149507145343,1.00500576216558,0.00220798973137146,4,100
"171",0.851529748533035,-0.822505217864415,1.00298520831381,0.000727448003297104,1,86
"172",0.944616410752884,-0.374227717445314,1.00813462738366,0.00268978351170848,1,64
"173",0.707544323137201,-1.18256720251214,1.00250842525386,9.11750269510446e-07,1,38
"174",0.605055490516467,-1.29448613241797,0.998274130229671,-0.000745318672279335,1,89
"175",0.652308500093813,-1.28310659615356,0.998682450418152,0.0042921365704442,1,61
"176",0.800859477359918,-0.875031736842535,1.00250789956127,-5.33490491297912e-07,1,37
"177",0.978359749815112,-0.33033548325071,1.0013986504614,0.00842416435767129,1,83
"178",0.83925181572185,-0.834261476756869,1.00251009650711,1.41061405401133e-05,1,36
"179",0.643356055297633,-1.11497770203188,0.986802313291813,0.00106808934854943,1,92
"180",0.56885079480299,-1.38346737739996,1.00251049853776,-1.91503837116648e-06,1,40
"181",0.901200856525976,-0.874883492395634,0.995575844645897,0.00941022588534103,1,81
"182",0.61593324831549,-1.4038002241543,1.00836993811911,0.000279790086914489,4,100
"183",0.933350109881838,-0.575867136412223,1.00250899435051,-2.03371389379872e-07,1,47
"184",0.938500753907643,-0.363435860938252,1.00812539781066,-0.00129238722202133,1,98
"185",0.93320931121696,-0.605611402221226,1.01087989517718,0.000399703890156923,1,99
"186",0.874232241987215,-0.822318301141859,1.00250781021499,-1.01459893305623e-06,1,29
"187",0.788740981327884,-0.965370720677444,1.002506376553,2.28492743205567e-07,1,44
"188",0.928032136120261,-0.501794271167093,1.00130015286168,-0.000229327470515152,1,56
"189",0.714493313013857,-1.18161802961067,1.00291999034649,-0.00124736079808234,4,100
"190",0.751357228504202,-1.01065202603543,0.993717817831141,-0.000173659165083236,1,81
"191",0.634716771862016,-1.42229628547845,1.00251225288831,1.89252700795355e-07,1,43
"192",0.81294312414076,-1.07627071179041,0.999445230625193,0.0110917091610235,1,77
"193",0.935745331420399,-0.651106821145469,1.00176026702817,-0.00134541438673081,1,97
"194",0.959968518089951,-0.476284767957869,1.00251659639208,-2.5134382979478e-05,1,36
"195",0.457263500433242,-1.72860344333804,1.00251685894725,2.72188136682321e-07,1,37
"196",0.828412245303612,-0.831982917372226,1.00189885336813,0.00162495012611753,1,92
"197",0.810515734619244,-0.838721735328493,1.00037493286097,-0.00456195438410611,4,100
"198",0.992460587143035,-1.00014321112469,1.04016716877562,-0.0178395161006723,4,100
"199",0.739252681468586,-1.09143344758795,0.996238859884349,0.000583853363421064,4,100
"200",0.828761313029955,-1.0930188882068,1.00468516037792,0.00761862970096276,1,73
